Configuration: config_3
dt: 0.0100
T: 20000
damping: 0.9800
k_repel: 18.0000
boundaryStiffness: 25.0000
Particles: 15

Initial positions (x y radius mass):
4.0000 4.0000 0.9171 2.6425
7.5000 4.0000 0.9271 2.7002
11.0000 4.0000 0.8686 2.3702
14.5000 4.0000 0.6510 1.3314
4.0000 7.5000 0.7726 1.8750
7.5000 7.5000 0.9504 2.8375
11.0000 7.5000 0.9595 2.8922
14.5000 7.5000 0.7648 1.8376
4.0000 11.0000 0.9013 2.5522
7.5000 11.0000 0.7580 1.8049
11.0000 11.0000 0.7023 1.5494
14.5000 11.0000 0.9992 3.1367
4.0000 14.5000 0.9903 3.0808
7.5000 14.5000 0.9323 2.7305
11.0000 14.5000 0.8162 2.0928

Final positions (x y radius mass):
4.0000 4.0000 0.9171 2.6425
7.5000 4.0000 0.9271 2.7002
11.0000 4.0000 0.8686 2.3702
14.5000 4.0000 0.6510 1.3314
4.0000 7.5000 0.7726 1.8750
7.5000 7.5000 0.9504 2.8375
11.0000 7.5000 0.9595 2.8922
14.5000 7.5000 0.7648 1.8376
4.0000 11.0000 0.9013 2.5522
7.5000 11.0000 0.7580 1.8049
11.0000 11.0000 0.7023 1.5494
14.5000 11.0000 0.9992 3.1367
4.0000 14.5000 0.9903 3.0808
7.5000 14.5000 0.9323 2.7305
11.0000 14.5000 0.8162 2.0928

Final bounds: 12.4895 x 12.4174
Area: 155.0867
Density: 0.2285