Configuration: config_1
dt: 0.0300
T: 12000
damping: 0.9600
k_repel: 12.0000
boundaryStiffness: 15.0000
Particles: 15

Initial positions (x y radius mass):
4.0000 4.0000 0.6757 1.4343
7.5000 4.0000 0.9765 2.9955
11.0000 4.0000 0.7343 1.6937
14.5000 4.0000 0.8153 2.0883
4.0000 7.5000 0.6777 1.4429
7.5000 7.5000 0.9592 2.8903
11.0000 7.5000 0.8631 2.3402
14.5000 7.5000 0.8745 2.4024
4.0000 11.0000 0.6810 1.4570
7.5000 11.0000 0.9260 2.6938
11.0000 11.0000 0.7096 1.5820
14.5000 11.0000 0.6882 1.4881
4.0000 14.5000 0.8681 2.3674
7.5000 14.5000 0.8468 2.2525
11.0000 14.5000 0.7965 1.9928

Final positions (x y radius mass):
4.0000 4.0000 0.6757 1.4343
7.5000 4.0000 0.9765 2.9955
11.0000 4.0000 0.7343 1.6937
14.5000 4.0000 0.8153 2.0883
4.0000 7.5000 0.6777 1.4429
7.5000 7.5000 0.9592 2.8903
11.0000 7.5000 0.8631 2.3402
14.5000 7.5000 0.8745 2.4024
4.0000 11.0000 0.6810 1.4570
7.5000 11.0000 0.9260 2.6938
11.0000 11.0000 0.7096 1.5820
14.5000 11.0000 0.6882 1.4881
4.0000 14.5000 0.8681 2.3674
7.5000 14.5000 0.8468 2.2525
11.0000 14.5000 0.7965 1.9928

Final bounds: 12.2426 x 12.3446
Area: 151.1292
Density: 0.2059