Configuration: config_2
dt: 0.0200
T: 15000
damping: 0.9700
k_repel: 15.0000
boundaryStiffness: 20.0000
Particles: 15

Initial positions (x y radius mass):
4.0000 4.0000 0.8318 2.1739
7.5000 4.0000 0.8961 2.5224
11.0000 4.0000 0.7152 1.6068
14.5000 4.0000 0.7598 1.8136
4.0000 7.5000 0.7322 1.6845
7.5000 7.5000 0.7621 1.8246
11.0000 7.5000 0.8344 2.1875
14.5000 7.5000 0.8450 2.2433
4.0000 11.0000 0.7662 1.8443
7.5000 11.0000 0.7832 1.9273
11.0000 11.0000 0.7813 1.9175
14.5000 11.0000 0.7066 1.5687
4.0000 14.5000 0.8613 2.3304
7.5000 14.5000 0.8798 2.4318
11.0000 14.5000 0.9633 2.9155

Final positions (x y radius mass):
4.0000 4.0000 0.8318 2.1739
7.5000 4.0000 0.8961 2.5224
11.0000 4.0000 0.7152 1.6068
14.5000 4.0000 0.7598 1.8136
4.0000 7.5000 0.7322 1.6845
7.5000 7.5000 0.7621 1.8246
11.0000 7.5000 0.8344 2.1875
14.5000 7.5000 0.8450 2.2433
4.0000 11.0000 0.7662 1.8443
7.5000 11.0000 0.7832 1.9273
11.0000 11.0000 0.7813 1.9175
14.5000 11.0000 0.7066 1.5687
4.0000 14.5000 0.8613 2.3304
7.5000 14.5000 0.8798 2.4318
11.0000 14.5000 0.9633 2.9155

Final bounds: 12.2063 x 12.3594
Area: 150.8625
Density: 0.2054