Configuration: config_3
dt: 0.0100
T: 20000
damping: 0.9800
k_repel: 18.0000
boundaryStiffness: 25.0000
Particles: 15
CellSize: 2.0000

Initial positions (x y radius mass):
4.0000 4.0000 0.9171 2.6423
7.5000 4.0000 0.9271 2.7002
11.0000 4.0000 0.8686 2.3702
14.5000 4.0000 0.6510 1.3314
4.0000 7.5000 0.7726 1.8753
7.5000 7.5000 0.9504 2.8377
11.0000 7.5000 0.9595 2.8923
14.5000 7.5000 0.7648 1.8376
4.0000 11.0000 0.9013 2.5520
7.5000 11.0000 0.7580 1.8050
11.0000 11.0000 0.7023 1.5495
14.5000 11.0000 0.9992 3.1366
4.0000 14.5000 0.9903 3.0809
7.5000 14.5000 0.9323 2.7306
11.0000 14.5000 0.8162 2.0929

Final positions (x y radius mass):
4.0000 4.0000 0.9171 2.6423
7.5000 4.0000 0.9271 2.7002
11.0000 4.0000 0.8686 2.3702
14.5000 4.0000 0.6510 1.3314
4.0000 7.5000 0.7726 1.8753
7.5000 7.5000 0.9504 2.8377
11.0000 7.5000 0.9595 2.8923
14.5000 7.5000 0.7648 1.8376
4.0000 11.0000 0.9013 2.5520
7.5000 11.0000 0.7580 1.8050
11.0000 11.0000 0.7023 1.5495
14.5000 11.0000 0.9992 3.1366
4.0000 14.5000 0.9903 3.0809
7.5000 14.5000 0.9323 2.7306
11.0000 14.5000 0.8162 2.0929

Final bounds: 12.4895 x 12.4174
Area: 155.0871
Density: 0.2285