Configuration: config_1
dt: 0.0300
T: 12000
damping: 0.9600
k_repel: 12.0000
boundaryStiffness: 15.0000
Particles: 15
CellSize: 2.0000

Initial positions (x y radius mass):
4.0000 4.0000 0.9531 2.8538
7.5000 4.0000 0.7966 1.9936
11.0000 4.0000 0.6279 1.2386
14.5000 4.0000 0.8431 2.2331
4.0000 7.5000 0.7410 1.7250
7.5000 7.5000 0.6698 1.4094
11.0000 7.5000 0.8960 2.5221
14.5000 7.5000 0.6324 1.2564
4.0000 11.0000 0.9825 3.0326
7.5000 11.0000 0.9432 2.7948
11.0000 11.0000 0.9527 2.8514
14.5000 11.0000 0.6088 1.1644
4.0000 14.5000 0.9032 2.5628
7.5000 14.5000 0.6161 1.1925
11.0000 14.5000 0.7362 1.7027

Final positions (x y radius mass):
4.0000 4.0000 0.9531 2.8538
7.5000 4.0000 0.7966 1.9936
11.0000 4.0000 0.6279 1.2386
14.5000 4.0000 0.8431 2.2331
4.0000 7.5000 0.7410 1.7250
7.5000 7.5000 0.6698 1.4094
11.0000 7.5000 0.8960 2.5221
14.5000 7.5000 0.6324 1.2564
4.0000 11.0000 0.9825 3.0326
7.5000 11.0000 0.9432 2.7948
11.0000 11.0000 0.9527 2.8514
14.5000 11.0000 0.6088 1.1644
4.0000 14.5000 0.9032 2.5628
7.5000 14.5000 0.6161 1.1925
11.0000 14.5000 0.7362 1.7027

Final bounds: 12.3256 x 12.3563
Area: 152.2988
Density: 0.2005